2026-10-05T15:10:22Z 24.95 35.66 43.27
2026-10-05T15:10:42Z 27.25 35.53 43.05
2026-10-05T15:11:02Z 30.83 35.81 42.97
2026-10-05T15:11:23Z 30.19 35.37 42.65
2026-10-05T15:11:43Z 29.20 34.78 42.27
2026-10-05T15:12:03Z 27.59 34.06 41.84
2026-10-05T15:12:24Z 27.92 33.73 41.54
2026-10-05T15:12:44Z 26.42 33.00 41.09
2026-10-05T15:13:04Z 50.91 38.00 42.69
2026-10-05T15:13:24Z 42.66 36.95 42.20
2026-10-05T15:13:44Z 37.87 36.27 41.84
2026-10-05T15:14:04Z 32.73 35.20 41.32
2026-10-05T15:14:24Z 32.72 35.03 41.12
2026-10-05T15:14:44Z 33.00 35.02 40.98
2026-10-05T15:15:05Z 29.01 33.98 40.47
2026-10-05T15:15:25Z 26.81 33.17 40.02
2026-10-05T15:15:45Z 41.33 36.25 40.98
2026-10-05T15:16:05Z 34.31 34.99 40.42
2026-10-05T15:16:25Z 31.70 34.34 40.06
2026-10-05T15:16:45Z 29.31 33.65 39.68
2026-10-05T15:17:05Z 27.81 33.05 39.32
2026-10-05T15:17:25Z 23.93 31.82 38.73
2026-10-05T15:17:45Z 21.84 30.84 38.22
2026-10-05T15:18:06Z 21.83 30.23 37.83
2026-10-05T15:18:26Z 21.59 29.67 37.46
2026-10-05T15:18:46Z 19.56 28.70 36.93
2026-10-05T15:19:06Z 19.08 28.02 36.49
2026-10-05T15:19:26Z 17.34 26.92 35.85
2026-10-05T15:19:46Z 20.30 26.97 35.66
2026-10-05T15:20:06Z 20.69 26.62 35.33
2026-10-05T15:20:27Z 22.77 26.71 35.16
2026-10-05T15:20:47Z 21.31 26.12 34.76
2026-10-05T15:21:07Z 20.97 25.73 34.41
2026-10-05T15:21:27Z 19.78 25.15 34.00
2026-10-05T15:21:47Z 21.92 25.24 33.83
2026-10-05T15:22:07Z 23.28 25.31 33.65
2026-10-05T15:22:27Z 21.68 24.82 33.28
2026-10-05T15:22:48Z 20.36 24.30 32.90
2026-10-05T15:23:08Z 22.13 24.50 32.77
2026-10-05T15:23:29Z 21.89 24.28 32.50
2026-10-05T15:23:49Z 20.35 23.78 32.13
2026-10-05T15:24:09Z 21.50 23.82 31.95
2026-10-05T15:24:29Z 23.72 24.16 31.88
2026-10-05T15:24:49Z 23.24 24.02 31.65
2026-10-05T15:25:09Z 21.07 23.48 31.28
2026-10-05T15:25:29Z 18.34 22.69 30.81
