2026-10-05T18:06:07Z 29.57 39.90 64.01
2026-10-05T18:06:27Z 31.76 39.74 63.40
2026-10-05T18:06:47Z 32.16 39.25 62.67
2026-10-05T18:07:08Z 31.42 38.65 61.91
2026-10-05T18:07:28Z 27.99 37.39 60.92
2026-10-05T18:07:48Z 25.61 36.26 59.96
2026-10-05T18:08:08Z 25.71 35.59 59.17
2026-10-05T18:08:28Z 25.52 34.93 58.39
2026-10-05T18:08:49Z 23.18 33.79 57.43
2026-10-05T18:09:09Z 24.63 33.42 56.75
2026-10-05T18:09:29Z 28.06 33.71 56.32
2026-10-05T18:09:49Z 29.38 33.59 55.75
2026-10-05T18:10:09Z 29.01 33.26 55.11
2026-10-05T18:10:29Z 28.96 33.00 54.51
2026-10-05T18:10:50Z 26.05 32.09 53.69
2026-10-05T18:11:10Z 26.06 31.68 53.04
2026-10-05T18:11:30Z 27.94 31.73 52.55
2026-10-05T18:11:50Z 30.56 32.09 52.20
2026-10-05T18:12:10Z 29.02 31.66 51.58
2026-10-05T18:12:30Z 26.55 30.91 50.85
2026-10-05T18:12:50Z 23.42 29.91 50.02
2026-10-05T18:13:10Z 24.45 29.72 49.49
2026-10-05T18:13:31Z 28.82 30.38 49.27
