2026-10-05T16:37:01Z 44.59 44.24 36.05
2026-10-05T16:37:22Z 47.54 44.87 36.51
2026-10-05T16:37:42Z 44.17 44.33 36.51
2026-10-05T16:38:03Z 41.54 43.75 36.48
2026-10-05T16:38:23Z 39.92 43.15 36.43
2026-10-05T16:38:44Z 39.36 42.79 36.46
2026-10-05T16:39:04Z 38.90 42.46 36.49
2026-10-05T16:39:24Z 33.92 41.06 36.12
2026-10-05T16:39:44Z 28.14 39.29 35.60
2026-10-05T16:40:05Z 26.51 38.18 35.28
2026-10-05T16:40:25Z 31.10 38.39 35.42
2026-10-05T16:40:46Z 40.04 40.03 36.08
2026-10-05T16:41:06Z 45.13 41.18 36.59
2026-10-05T16:41:26Z 41.25 40.64 36.52
2026-10-05T16:41:47Z 44.42 41.43 36.91
2026-10-05T16:42:08Z 41.07 40.85 36.80
2026-10-05T16:42:28Z 44.19 41.58 37.16
2026-10-05T16:42:49Z 48.68 42.75 37.68
2026-10-05T16:43:10Z 55.11 44.61 38.46
2026-10-05T16:43:30Z 71.83 48.94 40.15
2026-10-05T16:43:51Z 73.13 50.63 40.95
2026-10-05T16:44:11Z 93.19 57.07 43.55
2026-10-05T16:44:32Z 98.10 60.58 45.13
2026-10-05T16:44:53Z 82.96 59.56 45.12
2026-10-05T16:45:13Z 68.25 57.70 44.78
2026-10-05T16:45:33Z 68.85 58.41 45.33
2026-10-05T16:45:53Z 61.88 57.53 45.32
2026-10-05T16:46:14Z 50.46 55.19 44.77
2026-10-05T16:46:34Z 41.52 52.84 44.16
2026-10-05T16:46:54Z 40.18 51.72 43.96
2026-10-05T16:47:16Z 36.17 50.01 43.52
2026-10-05T16:47:36Z 40.40 49.99 43.66
2026-10-05T16:47:56Z 38.04 48.82 43.39
2026-10-05T16:48:17Z 35.84 47.66 43.10
2026-10-05T16:48:37Z 33.69 46.17 42.69
2026-10-05T16:48:57Z 35.31 45.76 42.62
2026-10-05T16:49:17Z 48.66 48.15 43.55
2026-10-05T16:49:37Z 54.30 49.56 44.17
2026-10-05T16:49:58Z 65.58 52.50 45.35
2026-10-05T16:50:18Z 74.85 55.62 46.65
2026-10-05T16:50:39Z 71.51 56.06 47.01
2026-10-05T16:51:00Z 73.19 57.42 47.71
2026-10-05T16:51:20Z 65.49 56.68 47.67
2026-10-05T16:51:41Z 75.78 59.66 48.95
2026-10-05T16:52:01Z 81.44 62.15 50.10
2026-10-05T16:52:22Z 76.13 62.47 50.56
2026-10-05T16:52:42Z 75.87 63.25 51.12
2026-10-05T16:53:03Z 103.92 70.32 53.93
2026-10-05T16:53:24Z 110.30 74.18 55.70
2026-10-05T16:53:45Z 111.17 76.76 57.06
2026-10-05T16:54:06Z 115.80 80.04 58.69
