2026-10-05T16:55:15Z 114.44 88.11 63.49
2026-10-05T16:55:35Z 102.07 86.98 63.65
2026-10-05T16:55:56Z 104.01 88.23 64.64
2026-10-05T16:56:17Z 124.23 94.69 67.67
2026-10-05T16:56:37Z 137.07 99.84 70.17
2026-10-05T16:56:58Z 134.71 101.62 71.49
2026-10-05T16:57:19Z 120.59 100.57 71.81
2026-10-05T16:57:39Z 105.45 98.50 71.74
2026-10-05T16:58:00Z 94.49 96.45 71.63
2026-10-05T16:58:21Z 84.06 93.96 71.31
2026-10-05T16:58:41Z 82.58 92.95 71.48
2026-10-05T16:59:02Z 86.68 93.07 72.14
2026-10-05T16:59:23Z 85.47 92.30 72.34
2026-10-05T16:59:44Z 91.27 93.32 73.18
2026-10-05T17:00:05Z 87.86 92.51 73.36
2026-10-05T17:00:26Z 82.92 91.06 73.28
2026-10-05T17:00:47Z 72.17 87.92 72.67
2026-10-05T17:01:07Z 64.05 85.05 71.99
2026-10-05T17:01:27Z 57.84 82.26 71.30
2026-10-05T17:01:48Z 62.46 81.70 71.35
2026-10-05T17:02:09Z 56.64 79.18 70.69
2026-10-05T17:02:29Z 57.12 77.95 70.45
2026-10-05T17:02:49Z 49.35 74.83 69.50
2026-10-05T17:03:10Z 49.55 73.14 69.02
2026-10-05T17:03:31Z 44.38 70.39 68.12
2026-10-05T17:03:52Z 54.41 70.55 68.24
2026-10-05T17:04:13Z 64.39 71.78 68.73
2026-10-05T17:04:33Z 58.70 70.02 68.17
2026-10-05T17:04:53Z 67.96 71.30 68.67
2026-10-05T17:05:14Z 65.62 70.57 68.46
2026-10-05T17:05:34Z 89.57 75.67 70.34
2026-10-05T17:05:55Z 111.50 81.62 72.60
2026-10-05T17:06:15Z 126.98 87.11 74.78
2026-10-05T17:06:36Z 141.96 93.09 77.21
2026-10-05T17:06:56Z 146.77 97.39 79.12
2026-10-05T17:07:17Z 164.37 105.23 82.46
2026-10-05T17:07:37Z 174.38 111.37 85.19
2026-10-05T17:07:57Z 181.94 117.40 87.98
2026-10-05T17:08:18Z 162.77 117.24 88.60
2026-10-05T17:08:39Z 143.71 115.73 88.72
2026-10-05T17:08:59Z 140.33 116.69 89.69
2026-10-05T17:09:20Z 138.23 117.76 90.70
2026-10-05T17:09:40Z 119.30 114.80 90.27
2026-10-05T17:10:01Z 111.15 113.19 90.26
2026-10-05T17:10:22Z 108.08 112.28 90.59
2026-10-05T17:10:44Z 110.06 112.47 91.16
2026-10-05T17:11:05Z 98.85 109.75 90.68
2026-10-05T17:11:26Z 90.48 107.13 90.18
2026-10-05T17:11:47Z 81.39 103.72 89.45
