2026-10-05T17:56:03Z 30.82 69.48 90.42
2026-10-05T17:56:23Z 34.49 67.89 89.36
2026-10-05T17:56:44Z 37.04 66.31 88.30
2026-10-05T17:57:04Z 39.45 64.93 87.29
2026-10-05T17:57:24Z 39.36 63.25 86.17
2026-10-05T17:57:45Z 40.29 61.95 85.17
2026-10-05T17:58:05Z 39.51 60.39 84.07
2026-10-05T17:58:26Z 35.04 58.02 82.67
2026-10-05T17:58:46Z 38.13 57.20 81.80
2026-10-05T17:59:07Z 52.65 58.99 81.73
2026-10-05T17:59:27Z 63.24 60.88 81.87
2026-10-05T17:59:48Z 65.16 61.43 81.58
2026-10-05T18:00:08Z 74.88 64.00 82.03
2026-10-05T18:00:28Z 65.70 62.59 81.11
2026-10-05T18:00:48Z 53.74 60.06 79.77
2026-10-05T18:01:08Z 44.84 57.60 78.43
2026-10-05T18:01:28Z 47.71 57.39 77.87
2026-10-05T18:01:49Z 42.47 55.54 76.72
2026-10-05T18:02:09Z 36.69 53.36 75.45
2026-10-05T18:02:29Z 34.55 51.78 74.37
2026-10-05T18:02:49Z 32.43 50.14 73.25
2026-10-05T18:03:09Z 33.67 49.27 72.40
2026-10-05T18:03:29Z 32.45 47.96 71.39
